# location coordinates

creamery <- c(34.459769, -119.690408)

brickyard <- c(34.497520, -119.861394)
