# location coordinates

creamery <- c(34.459769, -119.690408)

brickyard <- c(34.497520, -119.861394)

echo <- c(34.125139, -118.926456)

spokane <- c(47.672722, -117.396306)
